((("wait_ms" .
   [0 0 0 1 0 0 0])
  ("Timer" .
   [1 0 0 0 0])
  ("on" .
   [1 0])
  ("LEFT1" .
   [2 0 0 0 0])
  ("LedNumbers" .
   [0 0 0 0 0 2 0 0 0 0])
  ("off" .
   [1 0 0])
  ("Led" .
   [2 0 0])
  ("onLed" .
   [1 0 0 0 0])
  ("FRight" .
   [1 0 0 0 0 0])
  ("FLeft" .
   [1 0 0 0 0])
  ("hex" .
   [1 0 0])
  ("SensorPosition" .
   [0 0 0 0 1 0 0 0 0 0 0 0 0 0])
  ("getValue" .
   [0 0 0 0 0 1 0 0])
  ("compc" .
   [2 0 0 0 0])
  ("interrupt" .
   [0 0 0 0 0 0 0 1 0])
  ("wall" .
   [4 0 0 0])
  ("getInstance" .
   [0 0 0 0 1 0 0 0 0 0 0])
  ("WallSensor" .
   [1 0 0 0 0 2 2 0 0 0])
  ("180" .
   [1 0 0])
  ("20" .
   [9 0])
  ("300" .
   [4 0 0])
  ("setBounds" .
   [4 0 1 1 8 2 0 0 1])
  ("hw4" .
   [2 0 0])
  ("hw3" .
   [2 0 0])
  ("hw2" .
   [2 0 0])
  ("hw1" .
   [3 0 0])
  ("box3" .
   [3 0 0 0])
  ("moji3" .
   [2 0 0 0 0])
  ("box2" .
   [3 0 0 0])
  ("moji2" .
   [2 0 0 0 0])
  ("box1" .
   [3 0 0 0])
  ("add" .
   [28 0 0])
  ("moji1" .
   [2 0 0 0 0])
  ("Button" .
   [12 0 0 0 0 0])
  ("Label" .
   [18 0 0 0 1])
  ("TextField" .
   [0 0 0 1 0 0 1 0 0])
  ("200" .
   [7 0 0])
  ("170" .
   [1 0 0])
  ("181" .
   [1 0 0])
  ("awt" .
   [3 0 0])
  ("java" .
   [6 0 0 0])
  ("import" .
   [0 0 0 1 0 0])
  ("600" .
   [1 0 0])
  ("E_DirFront" .
   [0 0 0 0 0 0 0 0 1 0])
  ("E_RFront" .
   [0 0 0 0 0 0 0 1])
  ("E_DirRight" .
   [0 0 0 0 0 0 0 1 0 0])
  ("E_Right" .
   [1 0 0 0 1 0 0])
  ("E_DirLeft" .
   [0 0 0 0 0 1 0 0 0])
  ("addWall" .
   [1 0 0 0 0 2 0])
  ("E_Left" .
   [1 0 1 0 0 0])
  ("existWall" .
   [0 0 0 2 1 0 0 0 0])
  ("Walldata" .
   [1 0 0 0 0 0 0 0])
  ("PARENB" .
   [1 0 0 0 0 0])
  ("CLOCAL" .
   [1 0 0 0 0 0])
  ("CREAD" .
   [1 0 0 0 0])
  ("c_cflag" .
   [1 0 0 0 0 0 0])
  ("senddata" .
   [2 0 0 0 0 0 0 0])
  ("par" .
   [5 0 0])
  ("eps" .
   [1 0 0])
  ("width=5cm" .
   [1 0 0 0 0 0 0 0 0])
  ("includegraphics" .
   [0 0 0 0 0 0 0 0 1 0 0 0 0 0 0])
  ("¬\304\352\303\315" .
   [3 0 0])
  ("0em" .
   [1 0 0])
  ("text-indent" .
   [0 0 0 0 0 0 0 1 0 0 0])
  ("Acme::MomoiroClover" .
   [1 0 0 0 0 0 1 0 0 0 0 0 0 0 0 0 0 0 0])
  ("end" .
   [3 0 0])
  ("hline" .
   [1 0 0 0 0])
  ("cout" .
   [2 0 0 0])
  ("widthWallRow" .
   [4 0 0 0 0 0 0 0 0 2 0 0])
  ("posX" .
   [4 0 0 0])
  ("bgr" .
   [2 0 0])
  ("Vec3b" .
   [1 0 0 2 0])
  ("flag" .
   [3 0 0 0])
  ("count" .
   [3 0 0 0 0])
  ("posY" .
   [5 0 0 0])
  ("widthWallColumn" .
   [1 0 1 2 0 0 0 0 0 0 0 0 0 0 0])
  ("side" .
   [1 0 0 0])
  ("dst_height" .
   [1 0 0 0 0 1 0 0 0 0])
  ("dst_width" .
   [0 0 0 0 0 1 0 0 0])
  ("divY" .
   [9 0 0 1])
  ("divX" .
   [8 0 0 0])
  ("sizeY" .
   [1 0 0 0 0])
  ("sizeX" .
   [1 0 0 0 0])
  ("isExistWall" .
   [1 0 0 2 0 0 0 0 0 0 0])
  ("mazeY" .
   [3 0 0 0 0])
  ("mat" .
   [4 0 0])
  ("endl" .
   [9 0 0 0])
  ("mazeX" .
   [5 0 0 0 0])
  ("Mat" .
   [1 0 0])
  ("ofs" .
   [16 0 0])
  ("mazedata" .
   [1 0 0 0 0 0 0 0])
  ("cols" .
   [3 0 0 0])
  ("rows" .
   [1 0 0 0])
  ("src" .
   [3 0 0])
  ("img2" .
   [6 0 0 0])
  ("img1" .
   [2 0 0 0])
  ("dst_image" .
   [0 0 0 0 1 0 0 0 0])
  ("string" .
   [1 0 0 0 0 0])
  ("load" .
   [1 0 0 0])
  ("show" .
   [1 0 0 0])
  ("resize" .
   [1 0 0 0 0 0])
  ("myButton" .
   [3 0 0 0 1 0 0 0])
  ("QPushButton" .
   [2 0 0 0 0 0 0 0 0 0 0])
  ("myLabel" .
   [2 0 0 0 1 0 0])
  ("QLabel" .
   [2 0 0 0 0 0])
  ("480" .
   [4 0 0])
  ("640" .
   [2 0 0])
  ("mainwindow" .
   [6 0 0 0 0 0 0 0 1 0])
  ("window" .
   [2 0 0 0 0 0])
  ("QWidget" .
   [1 0 0 0 0 0 0])
  ("0x46" .
   [2 0 0 0])
  ("0x97" .
   [1 0 0 0])
  ("0x06" .
   [4 0 0 0])
  ("0x0B" .
   [5 0 0 0])
  ("0x08" .
   [3 0 0 0])
  ("0x37" .
   [4 0 0 0])
  ("0xD1" .
   [4 0 0 0])
  ("0x0F" .
   [7 0 0 0])
  ("0x14" .
   [6 0 0 0])
  ("comment" .
   [1 0 0 0 0 0 0])
  ("ans" .
   [8 0 0])
  ("nfc_sendCommandWithoutAnyComment" .
   [0 0 0 0 0 0 0 0 0 0 0 0 0 0 0 0 0 0 0 0 0 0 1 0 0 0 0 0 0 0 0 0])
  ("0x55" .
   [1 0 0 0])
  ("0x0D" .
   [1 0 0 0])
  ("0x05" .
   [6 0 0 0])
  ("0x04" .
   [10 0 0 0])
  ("0x0A" .
   [2 0 0 0])
  ("0x1A" .
   [1 0 0 0])
  ("0x44" .
   [1 0 0 0])
  ("0x12" .
   [12 0 0 0])
  ("0x13" .
   [2 0 0 0])
  ("0x17" .
   [3 0 0 0])
  ("0x56" .
   [3 0 0 0])
  ("0x4F" .
   [3 0 0 0])
  ("0x07" .
   [6 0 0 0])
  ("0x09" .
   [3 0 0 0])
  ("0x80" .
   [5 0 0 0])
  ("0x81" .
   [5 0 0 0])
  ("0x03" .
   [9 0 0 0])
  ("packet" .
   [2 0 0 0 0 0])
  ("0x10" .
   [11 0 0 0])
  ("packetInListPassiveTarget" .
   [0 0 0 0 0 0 1 0 0 0 0 0 0 0 0 0 0 0 0 0 0 0 0 0 0])
  ("0xFF" .
   [13 0 0 0])
  ("0x01" .
   [22 0 0 0])
  ("0x02" .
   [10 0 0 0])
  ("0xD4" .
   [8 0 0 0])
  ("readnbyte" .
   [4 0 0 0 0 1 0 0 0])
  ("data" .
   [41 0 0 0])
  ("point_read_data" .
   [0 0 0 0 0 0 0 0 1 1 0 0 0 0 0])
  ("RESET" .
   [1 0 0 0 0])
  ("USART_IT_RXNE" .
   [0 0 0 0 0 0 0 0 0 1 0 0 0])
  ("point_receive_data" .
   [0 0 1 1 1 1 0 0 0 0 0 0 0 0 0 0 0 0])
  ("256" .
   [4 0 0])
  ("receive_data" .
   [0 0 0 0 2 0 0 1 0 0 0 0])
  ("in" .
   [1 0])
  ("s" .
   [1])
  ("GPIO_Mode_AF" .
   [1 0 0 0 0 0 0 0 0 0 0 0])
  ("TIM_CKD_DIV4" .
   [1 0 0 0 0 0 0 0 0 0 0 0])
  ("1000" .
   [4 0 0 0])
  ("50" .
   [1 0])
  ("TIM2" .
   [7 0 0 0])
  ("GPIO_ResetBits" .
   [0 0 0 0 0 0 0 0 0 2 0 0 0 0])
  ("10" .
   [12 0])
  ("USART_SendData" .
   [1 0 1 0 0 0 0 0 0 0 0 0 0 0])
  ("0x00" .
   [43 0 0 0])
  ("USART2" .
   [9 0 0 0 0 0])
  ("USART_HardwareFlowControl" .
   [0 0 0 0 0 0 0 0 1 0 0 0 0 0 0 0 0 0 0 0 0 0 0 0 0])
  ("USART_Parity_No" .
   [0 0 0 0 0 0 0 0 0 0 0 0 1 0 0])
  ("USART_InitStructure" .
   [1 0 0 2 1 3 0 0 0 0 0 0 0 0 0 0 0 0 0])
  ("GPIO_Mode" .
   [2 0 0 0 0 0 0 0 0])
  ("GPIO_Speed" .
   [0 0 0 0 0 0 0 0 1 0])
  ("GPIO_Pin" .
   [2 0 0 0 0 0 0 0])
  ("GPIO_InitStructure" .
   [0 0 0 0 1 0 0 0 1 1 2 2 0 0 0 0 0 0])
  ("ENABLE" .
   [2 0 0 0 1 0])
  ("RCC_APB1PeriphClockCmd" .
   [0 0 0 0 0 0 1 0 0 0 0 0 0 0 0 0 0 0 0 0 0 0])
  ("GPIO_PuPd" .
   [0 0 1 0 0 0 0 0 0])
  ("GPIO_Init" .
   [2 0 0 1 0 0 0 0 0])
  ("100" .
   [11 0 1])
  ("Delay" .
   [2 0 0 0 1])
  ("PATH" .
   [0 0 1 0])
  ("_INCLUDED_MACRO_H" .
   [0 0 0 0 0 0 0 0 1 0 0 0 0 0 0 0 0])
  ("255" .
   [18 0 0])
  ("closeConnection" .
   [0 0 0 1 0 1 1 6 2 1 0 0 0 0 0])
  ("TCSANOW" .
   [1 0 0 1 0 0 0])
  ("tcsetattr" .
   [1 0 0 0 0 0 0 1 0])
  ("BAUDRATE" .
   [2 0 1 1 1 0 0 0])
  ("charbuf" .
   [5 0 0 0 0 0 0])
  ("sleep" .
   [3 0 0 0 0])
  ("argv" .
   [6 0 3 1])
  ("argc" .
   [5 0 0 0])
  ("oldtio" .
   [2 0 1 2 0 0])
  ("struct" .
   [0 0 0 0 1 0])
  ("close" .
   [2 0 0 3 0])
  ("setSignal" .
   [1 0 0 1 0 1 0 0 0])
  ("exit" .
   [1 0 1 0])
  ("p_signame" .
   [1 0 0 0 0 0 1 1 0])
  ("sigHandler" .
   [1 0 0 1 1 0 0 0 0 0])
  ("signal" .
   [2 0 0 0 0 0])
  ("MODEMDEVICE" .
   [1 0 0 0 4 2 0 1 0 0 0])
  ("newtio" .
   [6 0 0 8 1 1])
  ("printf" .
   [31 0 0 0 1 8])
  ("termios" .
   [1 0 1 0 2 0 0])
  ("define" .
   [10 0 0 0 0 0])
  ("include" .
   [12 0 9 4 0 0 0])
  ("pagestyle" .
   [0 0 1 0 0 0 0 0 0])
  ("usepackage" .
   [0 0 0 0 0 1 0 0 0 0])
  ("begin" .
   [3 0 0 1 0])
  ("document" .
   [0 0 0 0 2 0 0 0])
  ("use" .
   [1 0 0])
  ("my-rainbow-mode-turn-on" .
   [0 0 2 0 0 0 0 0 0 0 0 0 0 0 0 0 0 0 0 0 0 0 0])
  ("rainbow-mode" .
   [0 0 0 1 0 0 0 0 0 0 0 0])
  ("setq" .
   [0 0 1 0])
  ("setq-default" .
   [0 0 0 0 0 1 0 0 0 0 0 0])
  ("require" .
   [0 0 0 0 1 1 0])
  ("auto-complete" .
   [0 0 0 0 0 1 0 0 0 0 0 0 0])
  ("add-to-list" .
   [1 0 0 0 0 0 0 0 0 0 0])
  ("load-path" .
   [0 0 0 1 0 0 0 0 0])
  ("defun" .
   [1 0 0 0 0])
  ("rainbow-delimiters-mode" .
   [0 0 0 0 0 0 0 0 1 0 0 0 0 0 0 0 0 0 0 0 0 0 0])
  ("add-hook" .
   [0 0 0 0 3 0 0 0])
  ("c-mode" .
   [0 0 0 0 1 0])
  ("c-mode-common-hook" .
   [0 0 0 0 0 0 0 1 0 0 0 0 0 0 0 0 0 0])
  ("my-rainbow-delimiters-mode-turn-on" .
   [0 0 2 0 0 0 0 0 0 0 0 0 0 0 0 0 0 0 0 0 0 0 0 0 0 0 0 0 0 0 0 0 0 0])
  ("undo-tree" .
   [0 0 1 0 0 0 0 0 0])
  ("global-set-key" .
   [0 0 0 0 0 0 0 0 0 0 1 0 0 0])
  ("kbd" .
   [1 0 0])
  ("print" .
   [4 0 0 0 0])
  ("sub" .
   [1 0 0])
  ("PerlIO::gzip" .
   [0 0 0 0 1 0 0 0 0 0 0 0])
  ("<li><a" .
   [1 0 0 0 0 0])
  ("href=" .
   [0 0 0 0 1])
  ("ret" .
   [4 0 0])
  ("read" .
   [5 0 0 0])
  ("sys" .
   [1 0 0])
  ("buf" .
   [17 0 1])
  ("main" .
   [1 0 0 0])
  ("nfc_writeNormal" .
   [0 0 1 1 0 0 0 0 0 0 0 0 0 0 0])
  ("frame" .
   [4 0 0 0 0])
  ("size" .
   [38 0 0 0])
  ("write" .
   [2 0 0 0 0])
  ("tmp" .
   [42 0 0])
  ("nfc_readNormal" .
   [0 0 0 0 0 0 2 0 0 0 0 0 0 0])
  ("GPIO_SetBits" .
   [0 0 0 0 0 0 1 2 1 0 0 0])
  ("GPIOA" .
   [1 0 1 3 3])
  ("GPIO_Pin_5" .
   [0 0 0 0 0 2 1 1 0 1])
  ("len" .
   [3 0 0])
  ("fmt" .
   [2 0 0])
  ("buffer" .
   [2 0 0 0 0 0])
  ("USART_Sendnbyte" .
   [0 0 0 0 0 0 0 0 0 0 1 0 0 0 0])
  ("USARTx" .
   [2 0 0 0 0 0])
  ("USART_TypeDef" .
   [1 0 0 0 0 0 0 0 1 0 0 0 0])
  ("uint16_t" .
   [3 0 0 0 0 0 0 0])
  ("2000" .
   [1 0 0 0])
  ("USART_myprintf" .
   [1 0 0 0 0 0 0 0 0 0 0 0 0 0])
  ("USART_Init" .
   [1 0 0 0 0 0 0 0 0 0])
  ("initUSART" .
   [0 0 0 0 1 0 0 0 0])
  ("initLED" .
   [1 0 0 0 0 0 0])
  ("openConnection" .
   [0 0 0 0 0 0 0 0 1 1 0 0 0 0])
  ("nfc_GetFirmwareVersion" .
   [1 0 0 0 0 1 1 0 0 0 0 0 0 0 0 0 0 0 0 0 0 0])
  ("nfc_write" .
   [2 0 0 0 0 0 1 1 0])
  ("nfc_sendCommand" .
   [0 0 0 0 0 0 4 1 1 0 0 0 0 0 0])
  ("info" .
   [3 0 0 0])
  ("nfc_RFConfiguration" .
   [0 0 0 0 0 0 1 0 0 0 0 0 0 0 0 0 0 0 0])
  ("nfc_InListPassiveTarget" .
   [0 0 0 0 0 0 1 0 0 0 0 0 0 0 0 0 0 0 0 0 0 0 0])
  ("usleep" .
   [1 0 0 0 0 0])
  ("1000000" .
   [0 0 0 0 0 1 0])
  ("test" .
   [2 0 0 0])
  ("std" .
   [1 0 0])
  ("margin-bottom" .
   [0 0 0 0 0 0 0 0 1 0 0 0 0])
  ("10px" .
   [1 0 0 0])
  ("framebox" .
   [1 0 0 0 0 0 0 0])
  ("maketitle" .
   [1 0 0 0 0 0 0 0 0])
  ("title" .
   [1 0 0 0 0])
  ("date" .
   [1 0 0 0])
  ("titlepage" .
   [1 0 0 0 0 0 0 0 0])
  ("0px" .
   [1 0 0])
  ("frac" .
   [4 0 0 0])
  ("pi" .
   [2 0])
  ("sqrt" .
   [2 0 0 0])
  ("approx" .
   [1 0 0 1 0 0])
  ("times" .
   [4 0 0 0 0])
  ("SensorWall" .
   [1 0 0 0 0 0 0 1 0 0])
  ("getCorrection" .
   [0 0 0 0 0 1 0 0 1 0 0 0 0])
  ("ref_straight_value" .
   [0 0 0 0 0 0 1 0 0 1 0 0 0 0 0 0 0 0])
  ("160" .
   [2 0 1])
  ("itoa" .
   [1 0 0 0])
  ("drawLine" .
   [1 0 0 0 0 0 0 0])
  ("Graphics" .
   [10 0 0 0 2 0 0 0])
  ("Color" .
   [37 0 0 0 0])
  ("col" .
   [22 0 0])
  ("setColor" .
   [6 0 0 4 1 3 0 0])
  ("fillRect" .
   [1 0 0 0 1 0 0 0])
  ("draw1" .
   [1 0 0 0 0])
  ("white" .
   [5 0 0 0 0])
  ("125" .
   [1 0 0])
  ("drawRoundRect" .
   [0 0 0 0 0 1 0 0 0 0 0 0 0])
  ("draw0" .
   [1 0 0 0 0])
  ("225" .
   [1 0 0])
  ("110" .
   [2 0 0])
  ("275" .
   [1 0 0])
  ("draw6" .
   [1 0 0 0 0])
  ("drawRect" .
   [1 0 0 0 0 0 1 0])
  ("Font" .
   [3 0 0 0])
  ("1.html" .
   [1 0 0 0 0 0])
  ("mouse_status" .
   [1 0 0 0 0 0 0 0 0 0 0 0])
  ("circle" .
   [3 0 0 0 0 0])
  ("line" .
   [4 0 0 0])
  ("rectangle" .
   [3 0 0 0 0 0 0 0 0])
  ("mode" .
   [11 0 0 0])
  ("c" .
   [1])
  ("is_drawing" .
   [0 0 1 2 1 0 0 0 0 0])
  ("addMouseMotionListener" .
   [0 0 0 0 0 0 0 0 1 0 0 0 0 0 0 0 0 0 0 0 0 0])
  ("repaint" .
   [4 0 0 0 0 0 0])
  ("n1x" .
   [3 0 0])
  ("Math" .
   [11 0 0 0])
  ("n2x" .
   [2 0 0])
  ("n1y" .
   [3 0 0])
  ("n2y" .
   [2 0 0])
  ("drawOnce" .
   [1 0 0 0 0 0 0 0])
  ("pos1x" .
   [5 0 0 1 0])
  ("pos1y" .
   [7 0 0 0 0])
  ("pos2x" .
   [3 0 0 0 0])
  ("pos2y" .
   [4 0 0 0 0])
  ("getX" .
   [2 0 0 0])
  ("getY" .
   [2 0 0 0])
  ("Integer" .
   [0 0 0 0 1 0 0])
  ("parseInt" .
   [0 0 0 1 0 0 0 0])
  ("Line" .
   [3 0 0 0])
  ("extends" .
   [0 0 1 0 1 0 0])
  ("Obj" .
   [5 0 0])
  ("draw" .
   [6 0 0 0])
  ("Circle" .
   [3 0 0 0 0 0])
  ("Rectangle" .
   [3 0 0 0 0 0 0 0 0])
  ("objects" .
   [8 0 0 0 1 2 0])
  ("ArrayList" .
   [2 0 0 0 0 0 0 0 0])
  ("black" .
   [8 0 0 0 0])
  ("420" .
   [1 0 0])
  ("16" .
   [2 0])
  ("addActionListener" .
   [0 0 0 0 1 2 0 0 0 0 0 0 0 0 0 0 0])
  ("500" .
   [1 0 0])
  ("warning" .
   [2 0 0 0 0 0 1])
  ("40" .
   [2 0])
  ("warning2" .
   [2 0 0 0 0 0 0 0])
  ("warning1" .
   [1 0 0 0 0 0 0 0])
  ("l_mode" .
   [2 0 0 0 1 0])
  ("b_normal" .
   [0 0 1 0 2 0 0 0])
  ("b_gravity" .
   [0 0 0 1 0 2 0 0 0])
  ("b_inertia" .
   [0 0 0 1 1 0 1 0 0])
  ("360" .
   [2 0 0])
  ("l_k" .
   [3 0 0])
  ("t_k" .
   [4 0 0])
  ("320" .
   [3 0 0])
  ("l_add" .
   [1 0 0 0 1])
  ("bcircle" .
   [0 0 0 2 1 0 0])
  ("bsquare" .
   [0 0 1 2 0 0 0])
  ("l_clear" .
   [1 0 0 0 1 0 0])
  ("b_clear" .
   [0 0 0 0 1 2 0])
  ("b2" .
   [1 0])
  ("b3" .
   [1 0])
  ("J10hw15" .
   [0 0 0 2 3 0 0])
  ("J10hw15_Cir" .
   [0 0 0 0 0 0 0 0 0 2 1])
  ("pos" .
   [37 0 0])
  ("Point" .
   [21 0 0 0 0])
  ("controllable" .
   [0 0 0 0 0 1 1 0 0 0 0 0])
  ("fillOval" .
   [3 0 0 0 0 1 0 0])
  ("J10hw15_Obj" .
   [0 0 0 0 0 0 0 0 0 0 1])
  ("J10hw15_Sqr" .
   [3 0 0 0 0 0 0 0 0 0 0])
  ("220" .
   [3 0 0])
  ("Pos" .
   [2 0 0])
  ("tmp1" .
   [1 0 0 0])
  ("tmp2" .
   [1 0 0 0])
  ("util" .
   [1 0 0 0])
  ("Random" .
   [2 0 0 0 0 0])
  ("rnd" .
   [4 0 0])
  ("nextInt" .
   [3 0 0 0 0 0 0])
  ("Thread" .
   [3 0 0 0 0 0])
  ("start" .
   [3 0 0 0 0])
  ("velocity" .
   [13 0 0 0 0 0 0 0])
  ("null" .
   [1 0 0 0])
  ("thread" .
   [2 0 0 0 0 0])
  ("String" .
   [2 0 0 0 0 0])
  ("130" .
   [1 0 0])
  ("get" .
   [1 0 0])
  ("addGravity" .
   [0 0 0 0 1 0 0 0 0 0])
  ("J10hw15_Nme" .
   [3 0 0 0 0 0 0 0 0 0 0])
  ("drawString" .
   [0 0 0 0 0 1 0 0 0 0])
  ("AffineTransform" .
   [0 0 0 0 0 0 1 0 0 0 0 0 0 0 0])
  ("Graphics2D" .
   [1 0 0 0 0 0 0 0 0 0])
  ("angle" .
   [20 0 0 0 0])
  ("tmp3" .
   [1 0 0 0])
  ("vec" .
   [2 0 0])
  ("ang" .
   [2 0 0])
  ("1416" .
   [1 0 0 0])
  ("rotate" .
   [10 0 0 0 0 0])
  ("cos" .
   [2 0 0])
  ("sin" .
   [2 0 0])
  ("vel_angle" .
   [1 0 0 2 2 0 0 0 0])
  ("tmpp" .
   [1 0 0 0])
  ("af" .
   [1 0])
  ("getMatrix" .
   [0 0 0 0 0 0 0 0 1])
  ("flatmatrix" .
   [0 0 0 1 0 0 0 0 0 0])
  ("setTransform" .
   [0 0 0 0 0 0 1 0 0 0 0 0])
  ("af_bak" .
   [2 0 0 0 0 0])
  ("Inertia" .
   [0 0 1 0 1 0 0])
  ("move" .
   [4 0 0 0])
  ("inertiaDraw" .
   [1 0 0 0 0 0 0 0 0 0 0])
  ("inertiaMove" .
   [1 0 0 0 0 0 0 0 0 0 0])
  ("ifndef" .
   [1 0 0 0 0 0])
  ("endif" .
   [1 0 0 0 0])
  ("serialOut" .
   [0 0 0 0 5 0 0 0 0])))
